A best ind

 [[0 0 1 1 1 0 0 0 0 1 1 0 0 0 0 1 1 1 1]
 [0 0 0 0 0 0 0 0 0 1 0 0 0 0 0 0 1 0 0]
 [0 1 0 1 1 1 1 0 1 1 1 1 1 0 1 1 0 1 1]
 [0 1 0 0 0 0 0 0 0 1 0 1 1 0 0 1 1 1 1]
 [0 1 0 1 0 0 0 0 0 1 1 0 0 0 0 1 1 0 1]
 [1 1 0 1 0 0 0 0 0 1 1 0 1 0 1 1 1 1 1]
 [1 1 0 1 1 1 0 0 1 1 1 1 1 0 1 1 1 1 1]
 [1 1 1 1 1 1 1 0 1 1 1 1 1 1 1 1 1 1 1]
 [1 1 0 1 1 1 0 0 0 1 1 1 1 0 1 1 1 1 1]
 [0 0 0 0 0 0 0 0 0 0 0 0 0 0 0 0 1 0 0]
 [0 1 0 1 0 0 0 0 0 1 0 0 1 0 0 1 1 0 1]
 [1 1 0 0 1 1 0 0 0 0 1 0 1 0 0 1 1 1 0]
 [0 1 0 0 0 0 0 0 0 0 0 0 0 0 0 1 1 1 0]
 [1 1 1 1 1 1 1 0 1 1 1 1 1 0 1 1 1 1 1]
 [1 1 0 1 1 0 0 0 0 1 1 1 1 0 0 1 1 1 1]
 [0 1 0 0 0 0 0 0 0 1 0 0 0 0 0 0 1 0 0]
 [0 0 0 0 0 0 0 0 0 0 0 0 0 0 0 0 0 0 0]
 [0 1 0 0 1 0 0 0 0 1 1 0 0 0 0 1 1 0 0]
 [0 1 0 0 0 0 0 0 0 1 0 1 1 0 0 1 1 1 0]], (6.526315789473684,)

100,000

Results:
Best individual is 
 [[0 0 0 0 0 0 0 1 0]
 [1 0 1 0 1 1 0 1 0]
 [1 0 0 0 0 0 0 1 0]
 [1 1 1 0 1 1 1 1 1]
 [1 0 1 0 0 1 0 1 0]
 [1 0 1 0 0 0 0 1 0]
 [1 1 1 0 1 1 0 1 1]
 [0 0 0 0 0 0 0 0 0]
 [1 1 1 0 1 1 0 1 0]], (4.0,)

Results:
Best individual is 
 [[0 1 0 0 0 0 0 0 0 0]
 [0 0 0 0 0 0 0 0 0 0]
 [1 1 0 0 0 0 0 1 1 0]
 [1 1 1 0 0 0 1 1 1 0]
 [1 1 1 1 0 1 1 1 1 1]
 [1 1 1 1 0 0 1 1 1 0]
 [1 1 1 0 0 0 0 1 1 0]
 [1 1 0 0 0 0 0 0 1 0]
 [1 1 0 0 0 0 0 0 0 0]
 [1 1 1 1 0 1 1 1 1 0]], (4.5,)


5000    69      -613.905        700.644 -2364.92        6         
--- 776.137000084 seconds ---

Results:
Best individual is 
 [[0 0 0 0 0 1 0 0 0 0 0 1 0]
 [1 0 1 0 0 1 0 1 1 1 0 1 0]
 [1 0 0 0 0 1 0 1 1 1 0 1 0]
 [1 1 1 0 1 1 0 1 1 1 1 1 0]
 [1 1 1 0 0 1 0 1 1 1 0 1 0]
 [0 0 0 0 0 0 0 0 0 0 0 1 0]
 [1 1 1 1 1 1 0 1 1 1 1 1 0]
 [1 0 0 0 0 1 0 0 1 1 0 1 0]
 [1 0 0 0 0 1 0 0 0 1 0 1 0]
 [1 0 0 0 0 1 0 0 0 0 0 1 0]
 [1 1 1 0 1 1 0 1 1 1 0 1 0]
 [0 0 0 0 0 0 0 0 0 0 0 0 0]
 [1 1 1 1 1 1 1 1 1 1 1 1 0]], (6.0,)

50000   219     -558.432        620.477 -2591.75        5.5     
--- 15774.4119999 seconds ---

Results:
Best individual is 
 [[0 1 1 0 1 0 1 0 0 1 0 1]
 [0 0 1 0 0 0 1 0 0 1 0 1]
 [0 0 0 0 0 0 1 0 0 1 0 1]
 [1 1 1 0 1 1 1 0 1 1 1 1]
 [0 1 1 0 0 0 1 0 0 1 0 1]
 [1 1 1 0 1 0 1 0 1 1 1 1]
 [0 0 0 0 0 0 0 0 0 0 0 1]
 [1 1 1 1 1 1 1 0 1 1 1 1]
 [1 1 1 0 1 0 1 0 0 1 1 1]
 [0 0 0 0 0 0 1 0 0 0 0 1]
 [1 1 1 0 1 0 1 0 0 1 0 1]
 [0 0 0 0 0 0 0 0 0 0 0 0]], (5.5,)

50000   357     -334.886        398.597 -1691.73        5         
--- 22237.358 seconds ---

Results:
Best individual is 
 [[0 1 1 1 0 1 0 1 1 0 1]
 [0 0 1 1 0 1 0 0 0 0 0]
 [0 0 0 0 0 0 0 0 0 0 0]
 [0 0 1 0 0 1 0 0 0 0 0]
 [1 1 1 1 0 1 1 1 1 0 1]
 [0 0 1 0 0 0 0 0 0 0 0]
 [1 1 1 1 0 1 0 1 1 0 1]
 [0 1 1 1 0 1 0 0 1 0 1]
 [0 1 1 1 0 1 0 0 0 0 0]
 [1 1 1 1 1 1 1 1 1 0 1]
 [0 1 1 1 0 1 0 0 1 0 0]], (5.0,)


100000  369     -259.275        310.924 -1598.1 4.5   
--- 36049.085 seconds ---

Results:
Best individual is 
 [[0 1 0 0 0 0 0 0 0 0]
 [0 0 0 0 0 0 0 0 0 0]
 [1 1 0 0 0 0 0 1 1 0]
 [1 1 1 0 0 0 1 1 1 0]
 [1 1 1 1 0 1 1 1 1 1]
 [1 1 1 1 0 0 1 1 1 0]
 [1 1 1 0 0 0 0 1 1 0]
 [1 1 0 0 0 0 0 0 1 0]
 [1 1 0 0 0 0 0 0 0 0]
 [1 1 1 1 0 1 1 1 1 0]], (4.5,)

100000  280     -46.1104        140.691 -971.333        4       
--- 27000.4849999 seconds ---

Results:
Best individual is 
 [[0 0 0 0 0 0 0 1 0]
 [1 0 1 0 1 1 0 1 0]
 [1 0 0 0 0 0 0 1 0]
 [1 1 1 0 1 1 1 1 1]
 [1 0 1 0 0 1 0 1 0]
 [1 0 1 0 0 0 0 1 0]
 [1 1 1 0 1 1 0 1 1]
 [0 0 0 0 0 0 0 0 0]
 [1 1 1 0 1 1 0 1 0]], (4.0,)

100000  180     -32.535         94.0314 -510.625        3.5     
--- 14069.0579998 seconds ---

Results:
Best individual is 
 [[0 1 1 1 1 1 1 1]
 [0 0 0 0 0 0 0 0]
 [0 1 0 1 0 0 0 0]
 [0 1 0 0 0 0 0 0]
 [0 1 1 1 0 1 1 1]
 [0 1 1 1 0 0 1 1]
 [0 1 1 1 0 0 0 1]
 [0 1 1 1 0 0 0 0]], (3.5,)

---------------------------------


Best individual is 
 [[0 0 0 0 0 0 0 1 0 0 0 0 0 1 0 0 1 1 1 0 0 1 0 1 1 0 0 1 0 0 0 0 0 1 0 0 0
  0 0 1 1 1]
 [1 0 1 0 1 1 0 0 1 0 1 0 0 1 1 1 1 0 0 0 1 0 1 1 1 0 1 1 0 1 1 0 0 1 0 1 1
  1 0 0 0 1]
 [1 0 0 1 0 0 0 0 0 1 0 0 1 1 0 0 0 1 0 1 0 0 0 0 0 0 0 0 1 0 0 1 1 0 0 1 1
  0 1 0 0 1]
 [1 1 0 0 1 1 0 0 0 0 0 0 1 0 1 0 0 1 0 0 1 0 1 0 1 1 1 1 0 0 0 0 1 1 0 1 1
  0 0 1 1 1]
 [1 0 1 0 0 1 0 1 0 0 1 0 0 1 0 1 0 0 1 1 1 1 1 1 0 1 0 1 1 0 0 1 1 1 0 0 0
  0 0 0 1 1]
 [1 0 1 0 0 0 0 1 0 1 0 1 0 1 1 1 1 1 0 1 0 0 1 1 0 1 1 0 1 1 1 1 0 0 1 0 1
  0 0 1 0 0]
 [1 1 1 1 1 1 0 1 0 0 1 1 0 1 1 1 1 0 0 0 0 0 0 0 0 1 1 1 1 0 1 0 0 0 0 1 0
  0 0 0 0 0]
 [0 1 1 1 0 0 0 0 0 0 0 1 0 0 1 0 0 0 1 0 1 0 1 1 0 1 0 0 0 1 0 0 0 0 0 0 0
  0 1 1 0 1]
 [0 0 1 1 1 1 1 1 0 1 0 0 0 0 1 0 0 0 0 1 1 0 1 0 0 0 0 0 0 0 1 0 0 0 1 0 1
  0 0 1 0 0]
 [1 0 0 0 1 0 1 1 0 0 1 1 1 0 1 0 1 0 0 0 0 0 1 1 0 0 0 0 0 0 1 0 0 0 1 0 1
  0 0 0 0 0]
 [1 0 0 1 0 1 0 1 1 0 0 0 1 1 1 0 1 0 1 0 0 1 0 0 0 0 1 1 1 0 1 0 1 1 0 0 1
  1 0 0 0 1]
 [1 1 1 1 1 0 0 0 1 0 1 0 0 1 0 0 0 1 0 0 1 0 1 1 0 1 0 0 0 0 0 1 0 1 1 0 0
  1 0 0 1 1]
 [1 1 0 0 1 1 0 1 1 0 0 1 0 1 0 0 0 0 0 1 0 0 0 1 1 1 1 1 1 0 1 0 0 0 1 1 0
  0 0 0 0 0]
 [0 0 0 1 0 0 0 1 1 1 0 0 0 0 0 0 0 1 0 0 0 0 0 0 1 0 1 1 0 0 1 0 1 1 1 1 1
  1 1 1 0 1]
 [0 0 1 0 1 0 0 0 0 0 0 1 1 1 0 1 1 0 1 0 1 0 1 1 1 0 1 0 0 0 0 0 1 0 0 0 1
  1 0 0 1 0]
 [1 0 1 1 0 0 0 0 1 1 1 1 1 1 0 0 0 0 0 1 1 0 0 1 1 1 0 1 0 1 0 0 1 0 0 1 0
  0 0 1 1 0]
 [0 0 1 1 1 0 0 0 1 0 0 1 0 0 0 0 0 1 0 1 0 1 0 0 1 1 1 0 1 0 0 0 1 0 0 0 1
  1 0 0 0 1]
 [0 1 0 0 1 0 1 1 1 1 1 0 0 0 1 1 0 0 0 1 0 1 1 0 0 0 1 1 0 1 0 1 0 1 0 0 0
  1 0 1 1 1]
 [0 1 1 1 0 1 1 0 1 1 0 1 0 1 0 1 1 1 0 1 1 0 1 1 1 1 0 0 0 0 1 0 0 1 1 1 0
  0 1 0 1 1]
 [1 1 0 0 0 0 1 1 0 1 1 1 0 1 1 0 0 0 0 0 0 0 0 0 1 1 1 1 1 1 0 1 1 1 1 1 0
  1 0 0 0 1]
 [1 0 1 0 0 1 1 0 0 1 0 0 1 1 0 0 1 1 0 1 0 0 1 1 1 0 0 0 0 0 1 0 1 1 0 0 1
  1 0 0 1 0]
 [0 1 1 1 0 1 0 1 1 1 0 1 1 1 1 1 0 0 1 1 1 0 1 0 0 1 1 1 0 0 1 1 0 0 1 0 0
  1 1 0 0 1]
 [1 0 0 0 0 0 1 0 0 0 1 0 1 1 0 1 1 0 0 1 0 0 0 1 1 0 0 1 0 1 0 1 0 0 0 1 0
  0 1 0 0 1]
 [0 0 1 1 0 0 1 0 1 0 1 0 0 1 0 0 1 1 0 1 0 1 0 0 1 0 0 1 1 0 1 1 0 0 0 1 0
  0 0 0 1 1]
 [0 0 0 0 1 1 1 1 1 1 1 1 0 0 0 0 0 1 0 0 0 1 0 0 0 1 1 0 1 1 0 1 1 1 1 0 0
  1 1 0 1 1]
 [1 1 1 0 0 0 0 0 1 1 0 0 0 1 1 0 0 1 0 0 1 0 1 0 0 0 1 0 0 1 1 0 0 0 0 0 0
  1 1 0 0 1]
 [1 0 1 0 1 0 0 1 1 1 0 1 0 0 0 1 0 0 1 0 1 0 1 1 0 0 0 0 0 0 0 1 0 0 1 1 0
  0 1 0 0 1]
 [0 0 1 0 0 1 0 1 1 1 0 0 0 0 0 0 1 0 1 0 1 0 0 0 1 1 1 0 0 0 0 1 1 1 1 0 1
  1 0 0 0 1]
 [1 1 0 1 0 0 0 1 1 1 0 1 0 0 1 1 0 1 1 0 0 1 1 0 0 1 1 1 0 1 0 0 1 0 1 1 1
  1 0 0 0 1]
 [1 0 1 1 0 0 1 0 1 1 1 1 1 1 0 0 1 0 1 0 1 1 0 1 0 0 1 1 0 0 0 1 1 1 0 1 0
  1 1 0 1 0]
 [1 0 1 0 1 0 0 1 0 0 0 1 0 0 1 1 1 1 0 1 0 0 1 0 1 0 1 1 1 1 0 0 0 1 1 0 1
  0 0 0 0 0]
 [1 1 0 1 0 0 1 1 1 1 1 0 1 1 1 1 1 0 1 0 1 0 0 0 0 1 0 0 1 0 1 0 1 0 1 1 0
  1 0 0 0 0]
 [1 1 0 0 0 1 0 1 0 0 0 1 1 0 0 0 0 1 1 0 0 1 1 1 0 1 1 0 0 0 1 0 0 0 0 1 1
  1 0 0 1 0]
 [0 0 1 0 0 1 1 1 1 1 0 0 1 0 1 1 1 0 0 0 0 0 1 0 0 1 1 0 1 0 0 1 1 0 0 0 1
  1 0 1 0 0]
 [0 1 1 0 1 0 1 1 0 0 1 0 0 0 1 0 1 1 0 0 1 0 1 1 0 1 0 0 0 0 0 0 1 1 0 0 0
  0 0 0 0 1]
 [1 0 0 0 1 0 0 0 1 1 1 1 0 0 1 0 1 1 0 0 1 1 0 0 0 1 0 0 0 0 1 0 0 1 1 0 1
  1 1 0 0 0]
 [0 0 0 0 1 0 1 1 0 0 0 1 0 0 0 1 0 1 1 1 0 1 1 1 1 1 1 0 0 1 0 1 0 0 1 0 0
  0 1 0 1 1]
 [1 0 1 1 1 1 1 1 1 1 0 0 1 0 0 1 0 0 1 0 0 0 1 1 0 0 1 0 0 0 1 0 0 0 1 0 0
  0 1 1 1 1]
 [1 1 0 1 0 1 0 0 1 1 1 1 1 0 1 1 1 1 0 1 1 0 0 1 0 0 0 0 1 0 1 0 1 1 1 0 0
  0 0 0 1 1]
 [0 1 1 0 1 0 1 0 0 1 1 1 0 0 1 0 1 0 1 1 1 1 1 0 1 1 1 1 1 1 1 1 1 0 1 1 0
  0 1 0 0 1]
 [0 1 1 0 0 1 1 1 1 1 1 0 1 0 0 0 1 0 0 0 0 0 1 0 0 1 1 1 1 0 1 1 0 1 1 1 0
  0 0 1 0 0]
 [0 0 0 0 0 1 1 0 1 1 0 0 1 0 1 1 0 0 0 0 1 0 0 0 0 0 0 0 0 0 1 1 1 1 0 1 0
  0 0 0 1 0]], (-2.5714285714285716,)
